48.666666666666664
47.666666666666664
62.666666666666664
75.0
85.33333333333333
53.666666666666664
74.66666666666667
64.33333333333333
64.33333333333333
74.66666666666667
95.66666666666667
54.333333333333336
53.333333333333336
80.33333333333333
66.33333333333333
75.66666666666667
73.33333333333333
65.66666666666667
82.66666666666667
76.33333333333333
71.66666666666667
57.0
80.33333333333333
44.666666666666664
40.333333333333336
62.666666666666664
56.666666666666664
59.333333333333336
60.666666666666664
61.333333333333336
53.0
54.0
59.333333333333336
56.0
71.66666666666667
43.666666666666664
38.333333333333336
64.66666666666667
59.0
61.666666666666664
61.333333333333336
52.666666666666664
61.0
74.33333333333333
61.0
80.33333333333333
67.66666666666667
73.33333333333333
59.333333333333336
57.666666666666664
66.66666666666667
55.0
56.333333333333336
73.66666666666667
64.66666666666667
65.66666666666667
64.66666666666667
56.666666666666664
59.666666666666664
49.333333333333336
58.333333333333336
50.666666666666664
64.66666666666667
72.0
58.333333333333336
66.0
73.33333333333333
62.0
69.33333333333333
76.0
63.666666666666664
52.0
54.666666666666664
80.0
67.0
69.0
63.666666666666664
78.66666666666667
60.666666666666664
56.333333333333336
64.66666666666667
64.33333333333333
56.666666666666664
40.0
65.66666666666667
60.333333333333336
39.333333333333336
70.66666666666667
72.0
60.0
55.333333333333336
63.333333333333336
60.333333333333336
74.0
53.333333333333336
81.33333333333333
81.0
53.333333333333336
61.0
66.0
71.33333333333333
50.333333333333336
65.0
55.666666666666664
70.33333333333333
56.666666666666664
54.666666666666664
63.333333333333336
71.33333333333333
53.333333333333336
66.66666666666667
66.66666666666667
58.333333333333336
64.0
64.33333333333333
89.66666666666667
66.33333333333333
38.666666666666664
67.0
77.0
57.333333333333336
45.0
38.333333333333336
34.333333333333336
64.0
47.333333333333336
74.0
86.66666666666667
77.33333333333333
34.0
35.333333333333336
74.66666666666667
47.333333333333336
59.333333333333336
76.33333333333333
60.925925925925924 65.58518518518518 61.32592592592592 